              precision    recall  f1-score   support

           0       0.00      0.00      0.00       109
           1       0.10      0.15      0.12       124
           2       0.20      0.12      0.15       280
           3       0.18      0.10      0.13       174
           4       0.05      0.05      0.05       107
           5       0.00      0.00      0.00        98
           6       0.00      0.00      0.00        84
           7       0.00      0.00      0.00        24
           8       0.00      0.00      0.00         2

    accuracy                           0.07      1002
   macro avg       0.06      0.05      0.05      1002
weighted avg       0.11      0.07      0.08      1002
